396
403
403
412
425
439
454
463
471
475
473
468
472
467
467
463
457
459
455
460
463
463
471
470
465
467
465
460
463
469
465
462
460
469
472
467
468
471
468
461
463
457
459
456
463
451
447
463
465
468
468
472
464
463
460
428
359
348
427
496
519
495
483
470
460
463
455
451
462
455
449
455
449
443
441
435
432
428
417
412
408
403
400
406
412
422
443
454
459
472
473
475
475
472
472
472
476
463
465
470
463
468
463
463
465
468
463
463
465
465
470
468
462
465
473
471
465
465
463
462
463
455
455
462
460
455
455
440
451
465
464
465
466
467
462
465
455
417
368
359
428
504
518
494
475
467
459
454
455
462
455
446
449
454
448
448
446
436
435
427
416
411
399
399
401
401
411
423
439
451
457
468
472
476
479
476
475
468
472
470
465
463
457
463
462
463
460
462
464
463
462
463
462
463
463
463
465
467
459
463
467
463
465
460
463
465
460
455
457
457
455
458
455
451
444
454
460
463
464
463
465
464
462
446
407
362
376
451
516
507
480
467
465
462
455
452
451
451
448
443
446
444
436
432
432
428
415
411
401
396
396
396
396
409
420
432
448
455
470
465
467
468
470
465
462
467
460
455
461
465
465
463
463
463
460
467
465
456
457
459
460
467
462
465
471
467
468
463
463
461
462
460
459
457
457
463
460
460
462
460
460
461
460
455
452
455
443
454
443
437
449
458
460
460
463
464
460
455
435
401
350
371
452
518
508
483
468
462
462
455
451
455
451
444
448
448
441
441
439
436
423
422
412
403
399
395
396
403
412
423
440
459
463
470
473
472
472
479
472
470
473
471
472
467
463
472
470
467
468
470
463
467
463
463
465
467
466
467
472
470
467
467
465
461
465
463
462
462
457
463
463
460
463
463
462
463
459
459
460
455
451
450
455
451
443
449
461
466
465
462
463
464
459
449
419
356
352
423
499
513
494
473
463
463
457
455
455
457
448
443
454
449
440
435
433
430
423
414
408
399
396
396
398
407
422
435
452
463
472
472
472
480
475
472
472
472
471
467
460
463
467
464
463
462
463
463
460
463
463
463
462
463
464
470
467
467
463
463
465
467
459
456
459
460
460
460
460
463
467
460
460
460
457
457
460
463
455
459
457
451
451
455
449
454
452
440
441
454
462
457
461
463
459
460
455
431
385
359
398
467
513
495
476
465
462
452
451
454
454
449
444
444
444
443
440
438
432
425
419
407
400
396
391
396
399
409
425
440
448
463
467
471
476
472
477
475
472
467
463
467
467
465
464
467
467
462
463
462
460
460
463
467
465
464
465
467
471
466
463
463
464
461
461
460
463
460
459
460
463
463
460
457
463
460
460
460
460
460
457
460
451
451
449
454
455
454
448
440
449
459
460
457
457
456
457
451
422
393
358
387
467
510
496
478
459
459
455
455
448
449
448
448
443
441
443
440
436
432
425
421
408
399
396
393
391
391
399
414
432
448
455
463
463
468
470
467
467
467
467
465
470
467
463
463
466
465
467
465
463
465
467
463
465
463
463
468
465
464
463
467
465
463
467
463
459
457
457
455
462
457
460
460
460
460
460
457
460
460
459
457
454
455
455
452
446
446
455
463
463
465
461
463
465
455
422
366
352
419
494
513
492
475
463
462
460
457
455
454
455
448
449
448
445
439
432
428
422
417
408
399
396
398
397
403
412
432
448
455
465
472
472
473
476
472
471
470
467
467
463
460
464
463
467
467
457
463
463
462
457
460
463
460
463
466
468
468
463
462
463
464
460
460
457
460
463
460
459
457
463
463
459
461
460
457
459
455
455
455
451
455
446
438
448
454
460
460
455
460
460
448
429
393
348
373
448
504
497
472
460
457
454
454
454
451
446
448
446
445
442
438
433
432
427
419
408
399
393
398
395
398
406
422
438
449
457
470
473
478
476
472
476
473
472
465
467
467
465
465
465
467
470
463
463
470
465
462
460
468
465
467
472
472
476
467
470
471
468
465
463
462
463
465
465
463
462
465
467
467
465
463
462
457
455
450
452
455
448
441
441
451
459
460
464
463
459
454
448
423
369
355
417
487
517
492
472
464
463
455
457
452
454
448
447
447
447
446
440
433
438
427
415
412
403
395
393
391
396
407
419
432
449
460
460
464
471
460
470
466
462
460
463
460
463
465
463
463
467
463
463
462
462
455
457
463
465
463
467
470
467
463
465
464
463
460
461
461
463
463
460
463
460
460
463
463
463
462
459
455
455
457
451
454
448
447
460
463
465
465
463
463
460
448
409
349
358
439
503
504
481
470
465
462
457
455
455
455
452
448
451
451
441
437
439
428
422
415
408
403
399
399
396
408
419
435
449
455
467
467
475
476
478
470
472
472
467
468
464
464
472
464
464
467
465
465
468
460
446
449
455
460
467
465
472
470
463
467
467
462
463
465
470
468
460
461
459
459
463
457
460
461
452
444
460
467
463
468
463
463
465
455
432
371
344
415
483
517
496
480
465
464
463
456
457
455
452
453
448
444
444
440
435
432
423
417
412
403
403
399
396
409
417
432
449
455
465
473
475
472
473
475
475
471
470
465
467
470
461
463
471
464
467
462
463
462
467
462
460
463
467
468
470
467
463
461
463
467
462
463
463
463
463
460
462
464
455
455
455
456
454
448
445
459
465
467
462
462
463
460
454
428
374
351
420
487
512
494
472
464
463
455
454
455
455
449
446
445
447
443
440
432
430
426
417
407
398
399
398
393
398
415
431
443
455
463
472
472
472
473
473
472
472
467
465
465
465
467
465
467
467
463
463
460
465
465
457
462
464
460
463
465
467
467
472
462
465
459
460
464
463
460
459
463
461
459
457
456
460
459
455
448
444
451
459
463
460
460
463
462
448
428
390
351
399
480
519
495
478
459
463
459
451
455
455
448
444
443
441
439
435
435
431
423
415
403
396
398
388
390
398
412
419
436
451
459
465
473
476
472
472
471
473
467
463
463
463
463
463
466
462
463
463
463
463
460
463
467
462
463
467
462
468
466
465
466
463
459
458
455
454
455
455
455
455
455
460
457
452
449
451
451
447
432
441
454
460
460
460
463
462
460
449
414
359
366
440
505
513
488
472
465
464
463
460
457
454
451
449
446
441
438
440
435
432
423
412
406
403
396
395
398
403
419
435
449
459
465
479
472
472
473
476
474
473
467
465
468
467
463
471
467
470
467
463
463
467
465
460
463
467
467
463
467
467
467
471
459
463
464
459
463
463
460
460
452
451
461
451
455
457
449
444
453
463
462
463
459
463
460
455
438
381
340
403
472
516
494
480
463
462
455
455
455
454
454
451
449
449
446
444
440
433
423
420
415
408
403
395
398
408
416
432
444
462
466
473
470
476
476
476
472
473
472
470
464
463
462
470
465
468
468
468
467
467
465
465
467
463
467
467
465
467
468
471
464
464
463
463
463
457
462
459
455
459
459
459
460
452
448
456
448
443
452
461
459
463
460
460
462
446
427
377
352
407
483
521
499
472
463
463
460
449
451
451
447
441
446
446
439
434
435
432
423
417
407
399
396
396
391
403
414
423
440
455
460
467
472
475
476
470
470
472
467
467
463
463
462
463
460
467
463
461
463
462
465
460
460
463
462
467
467
463
465
457
459
460
460
459
457
461
457
460
457
455
459
457
452
455
455
448
449
444
439
448
459
455
457
460
459
459
451
435
391
352
392
476
516
499
476
459
460
457
451
448
451
448
444
444
440
438
439
432
428
423
417
408
399
396
388
391
399
406
419
436
446
455
472
473
470
472
473
470
471
467
462
465
459
460
462
460
459
467
463
467
464
461
462
460
462
462
463
463
463
463
467
463
462
463
467
463
460
460
455
462
460
460
455
462
455
455
455
462
451
444
454
460
460
463
465
463
463
454
435
391
337
376
460
519
504
487
473
468
465
455
461
460
455
455
452
451
444
443
440
440
428
419
415
405
398
403
398
404
415
425
441
454
463
470
472
476
476
473
472
472
467
470
465
464
462
463
470
462
460
464
461
463
462
467
460
464
463
468
467
462
467
465
463
460
460
463
463
460
460
462
454
455
460
453
455
455
448
444
455
462
466
460
464
462
460
460
435
380
343
399
483
518
496
481
465
463
459
457
460
452
452
451
448
448
444
440
433
432
425
423
411
403
399
399
398
403
412
425
440
455
462
467
473
475
480
478
476
476
468
464
463
463
462
460
460
463
462
465
467
460
464
463
466
468
463
463
463
462
467
468
467
463
459
461
460
456
459
462
455
455
457
455
455
459
457
455
447
443
455
464
462
460
466
463
460
460
435
392
355
401
480
521
497
481
463
462
460
463
457
450
452
449
446
448
443
440
436
435
425
420
411
403
391
396
396
401
408
422
439
451
457
472
472
473
472
472
472
468
467
467
465
463
462
463
463
463
467
465
467
460
460
463
465
462
463
463
463
465
467
465
462
457
464
459
457
457
460
459
460
462
463
459
455
454
455
451
449
443
441
454
455
457
462
457
457
457
448
423
377
345
407
486
515
492
473
460
457
455
452
455
450
445
450
446
440
444
441
430
433
425
415
408
398
390
393
396
401
412
432
443
451
463
467
472
475
475
472
472
472
467
465
467
470
467
467
467
463
463
468
463
465
464
463
467
472
470
463
465
465
465
467
464
462
463
463
459
459
459
454
455
453
454
455
449
445
451
459
460
459
467
457
462
457
443
398
339
382
459
518
507
480
463
462
456
460
457
451
452
449
451
448
448
440
438
433
428
420
414
408
399
399
396
406
415
423
440
455
464
466
470
475
480
478
475
472
468
464
470
463
463
467
463
464
468
462
460
463
463
463
468
463
463
467
463
470
464
462
463
462
462
459
465
460
455
455
455
452
453
452
448
451
457
465
467
463
465
459
456
454
439
371
345
408
478
519
496
480
460
468
460
452
454
448
456
448
448
446
440
436
439
432
428
415
412
399
393
399
395
403
423
425
446
449
465
472
464
470
476
471
476
475
463
463
468
463
460
460
467
467
463
456
463
460
462
463
463
463
465
463
464
465
467
463
462
460
455
451
449
455
448
447
458
465
467
470
468
460
468
463
438
391
348
396
476
519
507
480
463
462
459
453
454
453
451
444
444
447
446
444
440
433
426
422
412
403
399
396
401
399
417
434
444
455
472
472
476
482
480
478
480
472
472
467
463
463
463
463
463
467
463
463
467
464
462
463
460
459
464
462
460
463
463
459
454
451
448
451
460
463
463
465
462
463
467
451
423
364
368
441
513
518
488
468
460
454
455
454
452
455
449
448
448
440
441
432
433
431
419
415
408
401
399
399
401
411
427
438
448
462
467
470
476
478
473
473
472
472
466
466
463
465
462
463
467
460
465
465
464
463
460
463
465
463
463
463
463
463
460
460
460
455
455
455
455
446
449
462
464
463
463
463
462
457
451
423
364
358
439
508
513
487
463
455
455
455
446
446
444
444
441
441
440
436
435
428
424
419
408
406
400
391
398
407
412
424
440
451
462
467
463
472
472
470
470
472
470
467
470
469
467
468
470
468
465
472
467
465
467
467
472
471
470
471
472
470
471
469
472
472
469
467
467
462
460
460
463
460
455
452
463
472
465
468
467
470
465
460
436
375
348
415
492
521
496
480
467
464
459
460
457
455
455
451
454
446
446
440
433
432
430
415
412
403
399
399
404
409
422
435
449
460
465
473
473
472
471
475
472
471
471
471
468
468
467
463
463
462
462
463
467
463
468
464
462
462
467
463
463
466
463
465
462
460
459
455
455
459
455
455
448
450
463
465
471
467
467
467
467
451
430
359
359
440
504
511
489
473
467
465
461
460
455
460
455
448
451
451
447
440
433
431
423
417
408
406
403
399
403
415
423
432
449
460
463
473
472
467
472
472
470
470
467
457
460
456
454
459
455
455
456
461
457
460
463
457
457
462
463
460
463
465
463
463
460
459
455
456
457
460
452
455
457
452
448
451
446
440
455
462
463
463
461
455
463
454
431
388
352
399
480
521
492
476
457
453
455
455
451
448
452
447
448
446
441
440
438
432
422
422
411
399
398
393
396
399
412
425
441
451
465
471
471
472
475
472
474
470
471
467
460
463
465
460
463
463
462
460
460
465
466
463
465
463
467
465
467
464
472
467
465
467
460
463
460
464
463
460
464
460
460
457
460
455
455
455
453
448
448
457
462
466
460
463
467
462
447
412
361
366
446
515
508
491
472
463
460
459
455
452
452
448
452
446
441
443
440
435
431
420
415
403
399
399
396
399
408
423
438
451
463
467
476
476
480
475
478
476
475
472
473
471
476
465
468
472
475
472
467
470
471
467
470
472
470
470
473
472
470
472
467
470
472
470
463
465
467
467
460
465
467
457
459
460
452
448
457
465
467
463
467
468
467
455
435
375
350
416
489
515
492
481
467
463
463
460
462
455
454
455
449
447
446
444
443
435
427
422
412
403
403
399
403
415
428
433
454
463
472
476
473
473
476
476
475
470
472
473
471
467
470
463
465
465
467
469
466
467
467
465
467
470
467
467
467
465
472
468
467
467
463
463
463
460
457
457
460
455
457
462
448
448
460
469
467
472
470
468
460
446
408
358
390
463
524
510
483
472
467
462
467
460
457
455
449
449
455
447
443
443
435
430
420
409
399
401
399
399
403
411
425
441
451
462
468
471
472
473
475
471
470
467
467
463
465
463
462
462
465
462
460
463
463
467
462
463
460
463
460
463
463
463
465
460
465
463
460
459
455
463
452
455
455
451
451
454
444
448
460
465
463
460
460
460
459
444
409
358
380
457
519
507
483
467
460
460
456
453
455
451
448
447
448
446
444
435
433
432
416
414
408
395
398
396
398
407
423
440
451
455
457
467
472
468
468
472
470
463
467
462
459
464
457
460
463
460
462
463
463
460
462
460
463
459
463
463
465
463
460
472
462
463
463
455
463
457
460
452
451
457
451
455
451
444
462
464
463
463
462
465
463
455
433
380
343
411
488
518
493
480
467
460
460
462
457
453
451
451
448
444
444
440
438
436
433
416
408
406
398
398
409
414
422
433
441
459
468
472
476
480
481
475
472
471
472
468
465
467
467
463
467
467
467
463
465
467
467
463
467
467
462
469
470
465
464
464
463
462
462
457
454
455
454
455
454
440
451
460
463
467
466
460
467
460
440
393
343
387
470
516
503
481
465
463
460
457
454
452
455
454
449
448
448
438
438
432
423
415
412
400
399
396
396
403
419
431
441
452
462
465
467
475
479
476
476
470
470
460
467
467
467
463
463
468
467
472
463
463
465
463
465
465
463
463
468
467
467
467
468
467
463
462
455
458
455
451
459
448
448
455
463
467
467
463
464
464
462
436
398
355
396
480
521
492
476
465
457
456
455
452
455
447
448
449
446
444
440
435
431
428
420
408
406
399
396
399
401
414
428
446
451
455
467
470
470
472
472
470
469
464
463
463
457
461
462
460
462
457
463
460
460
465
463
464
463
463
463
467
463
461
468
462
462
463
460
456
455
455
457
455
454
455
444
448
455
463
467
465
463
460
460
443
415
352
367
452
516
508
487
463
456
459
452
451
454
446
446
444
440
435
435
438
428
423
417
409
403
396
391
388
396
401
419
432
444
460
461
465
470
470
472
467
467
467
463
467
471
467
470
467
469
467
467
467
467
468
470
470
468
471
476
465
471
468
472
466
463
461
456
455
457
454
459
455
449
455
463
467
467
467
467
463
463
446
391
339
388
471
521
504
487
467
460
470
460
454
457
457
448
448
449
444
444
438
432
432
423
411
408
401
403
404
412
422
436
451
455
466
472
475
478
472
483
476
471
470
472
467
467
465
464
460
463
460
463
465
463
464
464
470
463
465
467
467
467
467
467
465
460
459
460
456
455
459
449
448
460
462
467
471
468
464
470
459
439
381
348
414
487
524
502
476
468
465
460
460
460
461
452
451
455
448
449
444
441
438
432
423
411
406
401
402
406
409
423
435
446
457
462
473
472
473
476
472
472
472
467
467
460
466
467
457
463
462
463
462
463
463
463
467
464
467
467
464
463
460
464
462
460
462
464
459
454
454
458
457
448
447
448
444
461
465
462
463
463
460
457
449
430
371
355
430
503
515
491
467
462
455
457
451
457
452
448
449
446
440
440
440
430
430
425
412
408
402
391
396
401
409
422
435
448
459
463
468
472
470
476
472
470
470
465
464
463
460
465
463
460
461
460
460
462
460
462
461
460
462
463
462
460
456
462
460
459
455
451
454
455
457
455
455
454
448
455
452
446
453
440
441
455
454
460
457
463
462
457
449
419
361
359
441
513
515
486
472
463
461
462
459
455
460
455
451
449
448
441
436
438
431
423
412
406
401
399
402
408
415
426
439
455
464
472
472
473
476
476
473
472
465
470
470
466
465
465
465
463
463
468
465
464
463
467
463
467
473
467
468
467
463
467
463
463
463
463
465
463
462
455
458
456
459
455
448
460
467
465
467
471
465
464
464
448
396
352
384
465
519
504
486
470
460
461
463
460
457
455
452
451
448
448
441
440
431
425
423
412
406
403
401
403
409
419
433
445
454
463
476
472
475
473
478
479
472
472
467
467
465
460
463
463
460
468
462
457
462
462
460
460
463
465
465
463
465
471
465
463
463
460
460
460
454
457
455
448
448
456
457
443
448
463
465
467
463
462
463
463
448
418
361
364
446
521
515
487
468
463
462
461
459
452
454
452
451
451
449
443
441
440
430
423
417
409
400
400
398
403
414
427
440
451
460
465
472
472
473
478
470
472
468
465
463
465
463
463
460
464
463
460
463
464
467
465
462
463
463
467
463
460
463
463
459
463
463
459
457
452
455
455
455
459
454
449
449
448
448
444
436
444
451
455
459
460
455
455
448
440
408
351
376
460
518
499
473
459
457
455
455
446
443
448
444
441
440
438
432
435
428
423
415
408
398
395
391
391
393
406
412
431
448
455
463
463
467
472
472
470
475
471
468
466
465
463
464
470
460
470
465
465
463
463
467
472
465
467
468
468
470
465
470
466
465
464
455
462
463
463
460
463
455
455
457
451
455
462
463
467
466
467
463
463
451
414
350
375
456
518
512
492
472
463
463
459
461
460
455
455
455
449
448
444
443
435
436
428
419
408
406
407
404
406
423
433
448
460
465
472
473
478
478
478
478
476
472
473
465
470
470
467
468
467
465
467
463
459
467
466
465
468
465
463
467
466
465
468
467
463
460
459
455
449
456
455
460
450
444
455
462
465
460
465
470
467
454
438
382
350
412
487
524
495
475
463
460
457
457
455
449
455
449
448
456
444
444
443
428
429
425
411
409
399
403
408
408
419
433
447
460
472
472
473
479
480
478
472
465
470
472
466
463
463
465
463
467
460
463
465
463
463
462
463
463
463
465
464
470
463
465
464
459
460
460
457
457
460
455
448
452
447
443
455
465
463
462
462
465
460
451
434
387
352
408
494
527
495
476
460
455
462
455
457
455
451
448
446
446
446
444
430
432
432
419
409
399
399
391
398
403
408
432
441
452
460
465
468
468
472
468
468
463
460
457
460
452
452
455
460
456
459
460
457
460
457
455
462
460
460
464
460
460
460
464
462
455
464
459
455
455
455
448
451
446
448
455
462
470
462
463
467
463
455
430
371
343
423
499
516
496
478
463
467
460
458
459
457
457
451
449
448
447
438
440
438
427
415
408
408
404
401
401
408
425
441
450
460
464
478
472
479
480
470
472
472
472
472
460
464
467
465
464
455
467
463
465
462
462
466
463
467
467
460
460
467
467
464
454
457
467
457
448
463
454
452
463
467
467
471
472
468
462
451
432
363
355
444
510
521
494
480
468
466
463
455
455
455
455
454
450
448
448
444
441
441
430
421
419
412
406
403
406
412
428
445
448
457
467
472
473
472
472
463
473
467
463
464
463
463
464
465
465
465
466
467
465
461
467
467
471
470
467
468
464
467
468
463
465
463
452
455
460
448
447
462
467
467
470
467
463
465
455
435
391
350
413
487
524
496
472
465
455
455
455
451
455
446
448
450
444
438
435
437
434
423
420
412
404
399
401
398
407
419
435
444
459
467
468
467
470
472
472
471
468
467
465
465
463
456
460
463
463
462
465
467
463
464
465
462
463
463
465
463
463
462
463
460
457
455
451
450
448
443
454
463
467
460
462
460
460
452
432
383
340
398
486
519
491
472
456
454
454
441
441
449
451
446
448
443
440
440
435
428
423
417
412
403
400
403
400
408
420
435
440
455
465
463
464
479
476
472
476
470
476
472
467
473
463
465
475
464
470
463
467
475
467
472
467
470
472
469
465
463
465
463
464
459
462
455
455
465
468
467
473
475
467
468
458
440
380
342
417
496
526
500
483
472
464
462
463
456
455
455
452
448
448
448
441
432
432
428
419
409
408
409
408
404
417
427
443
452
460
470
470
480
480
475
469
471
473
467
464
468
466
466
463
455
465
465
460
465
467
463
468
470
462
463
467
463
455
460
459
463
455
447
451
462
465
470
465
467
462
467
457
423
364
359
440
508
518
492
476
465
462
457
460
455
454
455
448
449
455
446
435
432
431
425
423
412
404
406
403
408
412
425
444
449
462
470
470
472
476
473
471
471
467
464
463
461
464
463
463
462
460
462
463
463
467
459
457
467
462
460
464
463
465
462
460
453
454
449
452
448
446
460
467
465
463
463
460
465
455
428
384
360
428
508
521
492
470
463
460
459
453
451
449
446
451
448
443
440
439
432
428
419
417
408
403
401
403
403
412
423
438
451
452
463
471
472
473
468
467
464
463
462
457
451
460
463
455
455
453
460
455
454
455
457
457
455
462
459
455
463
461
454
454
448
449
451
448
441
448
444
441
457
462
463
463
462
464
457
444
428
376
348
423
502
524
495
472
463
462
455
455
457
455
450
451
449
451
451
440
435
432
422
419
409
406
404
408
412
415
429
443
452
462
472
472
468
480
476
476
473
472
467
473
468
463
468
465
463
470
468
472
471
467
468
464
468
467
467
472
464
462
465
466
463
455
464
455
451
462
463
467
467
467
468
463
462
438
376
349
423
495
523
487
475
470
463
463
457
454
459
455
451
447
444
444
440
436
432
419
412
414
403
397
400
408
416
425
440
448
459
463
467
472
472
475
467
467
466
460
465
463
455
459
463
461
459
457
460
467
459
460
462
460
463
463
460
465
467
467
455
460
460
455
455
454
449
444
457
465
463
468
470
464
462
455
448
409
355
387
465
524
506
481
463
460
454
454
456
454
454
446
444
439
447
444
436
431
423
417
412
400
396
400
398
403
413
433
440
454
460
462
467
467
468
475
472
467
465
467
459
459
462
460
463
459
463
463
461
462
460
463
462
461
469
465
462
463
462
463
463
463
459
462
462
455
455
457
455
451
455
451
444
454
459
460
467
463
462
460
456
440
401
355
393
473
524
499
478
465
459
462
452
449
452
451
447
441
443
443
440
435
432
424
415
409
399
396
396
399
407
415
430
440
451
460
465
467
464
467
468
465
464
463
460
463
463
457
463
460
455
462
460
460
467
463
467
467
468
467
469
472
467
472
466
465
476
463
468
466
465
467
463
459
454
463
460
462
459
448
457
467
468
470
467
467
467
463
444
393
347
395
473
520
503
487
476
467
463
462
463
455
456
452
451
454
447
444
440
435
429
423
412
409
406
404
408
415
427
436
448
459
467
471
476
472
476
479
476
471
472
467
465
467
463
465
467
465
463
472
467
470
470
467
465
467
467
472
467
470
464
465
464
462
463
455
463
463
455
455
460
457
449
450
460
467
467
464
467
465
460
449
431
369
359
440
501
518
491
468
467
467
463
459
455
455
455
448
449
448
448
444
435
431
428
412
408
404
399
403
404
416
430
439
451
457
467
476
477
476
473
470
470
467
457
463
460
463
465
462
460
460
462
460
460
465
467
465
463
463
462
467
463
467
464
462
465
459
459
460
459
460
454
451
455
455
449
452
448
444
448
454
459
461
460
463
460
459
444
409
359
372
443
515
512
487
468
467
460
451
452
457
450
448
448
446
444
435
435
435
422
422
414
403
398
395
399
399
407
419
435
448
455
463
468
468
467
473
469
464
463
465
463
463
462
461
460
460
463
463
461
463
460
465
460
463
463
463
465
468
464
462
461
463
464
460
455
462
456
455
452
454
451
449
451
444
438
454
457
459
455
455
455
455
449
424
366
340
422
499
515
487
467
460
460
457
451
448
451
449
448
446
444
440
438
432
430
419
415
409
396
399
398
399
411
422
430
453
455
461
473
476
478
472
468
476
472
467
467
463
468
472
468
465
463
467
466
465
467
472
465
467
471
467
465
472
472
463
467
465
463
462
459
457
451
455
460
448
448
463
463
463
467
464
465
463
452
429
374
348
415
486
515
497
478
460
462
462
457
451
448
455
451
448
444
444
432
432
436
425
415
412
400
401
409
409
412
428
443
448
462
470
470
475
480
478
475
473
467
467
472
463
461
465
463
467
463
463
460
465
465
463
467
463
465
467
462
465
472
464
460
462
455
460
455
451
446
453
465
468
465
467
467
460
460
448
409
355
380
460
519
508
483
475
463
455
457
459
455
448
448
455
448
446
446
438
433
428
427
419
406
402
403
403
406
415
428
445
452
470
468
472
476
472
476
472
471
467
466
464
460
460
463
463
457
460
467
464
460
467
467
467
463
467
470
463
468
472
463
465
455
459
460
455
452
455
443
447
463
463
463
466
467
460
460
448
431
384
352
423
504
519
492
472
463
460
454
449
448
454
450
444
448
444
441
440
432
428
422
417
409
403
399
397
399
409
423
439
447
455
472
468
467
475
472
470
472
467
462
460
463
463
460
460
462
462
458
462
460
462
463
460
465
462
460
465
459
465
463
457
462
463
457
460
455
451
452
453
455
448
435
448
462
465
460
463
462
462
459
444
417
359
360
444
508
511
483
467
456
455
455
452
450
452
447
446
448
443
435
440
433
430
417
409
403
402
399
398
403
415
427
435
447
462
464
467
471
472
467
470
467
460
467
463
462
464
463
464
460
463
463
466
468
467
467
467
467
468
464
462
471
470
463
467
462
463
463
459
463
460
452
460
452
438
455
463
463
467
467
467
464
459
441
396
337
398
472
519
496
481
463
461
457
462
457
455
454
448
444
448
444
440
436
436
428
415
403
403
403
399
403
412
423
432
444
455
466
466
472
472
476
470
472
464
467
472
465
468
467
463
463
465
463
467
459
463
470
465
463
467
468
465
463
470
467
468
465
463
462
459
459
455
454
455
457
449
449
459
465
471
467
463
467
464
454
423
366
359
440
508
520
492
476
467
460
457
455
459
453
449
445
451
451
444
435
432
431
428
417
407
398
403
403
399
409
428
435
451
463
472
472
476
472
472
476
470
465
462
463
460
457
463
462
463
462
462
463
464
460
463
460
462
465
463
465
470
467
463
465
467
462
463
460
456
463
460
457
460
457
454
459
454
444
448
455
462
463
463
460
464
462
448
415
358
369
454
514
510
487
467
463
463
452
451
455
448
451
449
446
440
440
440
432
428
417
419
407
396
398
398
403
411
428
440
452
462
467
472
476
472
468
468
467
464
467
464
460
464
458
463
463
465
466
463
463
457
456
462
464
463
471
467
467
467
464
463
463
455
463
463
457
462
459
461
463
462
462
462
452
454
454
454
451
448
448
443
455
460
459
460
459
459
455
438
407
350
371
457
515
510
478
460
455
455
454
448
445
448
440
440
446
444
443
428
428
428
415
412
403
399
398
392
401
415
420
433
451
463
467
472
470
475
472
470
467
465
468
463
459
465
465
471
463
463
470
465
465
463
467
468
463
467
470
465
467
470
470
467
467
463
467
463
455
460
467
465
465
462
456
460
460
449
449
452
449
451
463
465
460
463
460
463
459
441
393
347
391
467
519
502
480
467
464
463
457
457
454
454
450
447
448
447
435
432
433
428
415
414
408
407
399
401
409
423
432
444
461
472
476
472
473
480
477
471
464
468
472
463
460
466
468
463
460
467
463
465
463
464
463
472
465
467
461
468
475
467
465
464
463
465
460
460
467
463
467
465
460
460
457
460
455
457
448
451
464
467
465
465
463
467
463
448
415
356
376
456
519
509
486
467
463
460
457
455
453
455
449
448
449
446
443
435
435
419
423
411
403
399
395
398
401
411
423
440
451
460
472
478
471
471
472
471
468
467
463
465
460
460
462
460
463
467
463
463
459
462
462
455
463
465
460
464
462
466
462
460
465
463
460
459
455
452
464
462
456
455
460
454
448
456
446
440
452
463
464
460
455
460
459
455
435
382
352
414
489
519
492
472
460
463
457
455
450
449
448
449
444
440
439
436
433
425
424
419
403
395
396
397
395
399
416
433
444
455
463
464
473
473
468
470
465
467
467
460
460
462
456
464
460
459
463
457
457
460
451
460
463
462
460
463
463
461
460
462
460
455
462
457
455
460
462
459
451
451
453
456
452
447
440
454
457
463
456
455
455
460
456
438
391
339
399
478
521
499
482
466
463
460
455
460
454
459
451
450
451
448
448
441
432
430
419
416
411
403
403
406
414
425
435
451
455
473
478
476
480
481
478
475
476
472
476
467
467
467
464
472
465
465
467
468
472
472
472
470
467
470
467
472
467
465
467
465
465
463
460
454
462
455
459
449
448
457
457
470
467
465
467
460
462
435
384
332
390
478
527
508
491
470
464
459
459
455
451
449
451
446
444
443
436
435
425
423
419
408
403
399
398
399
406
419
427
446
465
467
473
473
477
480
472
472
472
472
465
467
465
466
464
460
465
467
465
467
464
467
460
467
472
465
463
467
466
472
470
465
463
464
463
455
457
453
455
451
451
463
470
469
467
463
465
463
448
412
359
379
462
524
511
483
462
463
459
460
455
449
455
449
447
446
440
440
436
434
423
415
408
403
399
398
396
399
409
427
446
454
460
471
476
473
467
472
475
472
465
465
466
460
460
465
463
462
467
463
463
466
468
460
460
467
470
463
467
467
460
463
465
463
455
459
459
459
451
456
451
446
454
462
467
465
465
465
465
460
443
390
344
411
497
529
502
483
463
460
459
454
451
454
456
449
441
446
444
439
436
430
423
415
408
396
396
399
398
403
417
431
444
457
462
467
472
468
473
471
464
463
463
462
451
463
465
463
460
465
463
462
467
462
462
465
463
464
467
467
469
472
470
465
458
462
457
454
455
456
455
455
451
449
455
467
470
467
462
467
463
457
439
387
347
407
481
524
504
482
465
467
463
466
461
457
455
454
448
448
448
448
435
435
425
417
409
399
408
403
403
412
428
443
448
463
470
478
478
473
473
476
476
471
472
467
467
467
463
462
462
460
468
463
464
466
467
467
462
464
463
467
465
467
463
463
460
460
463
456
455
457
457
448
453
460
462
467
470
466
467
467
459
423
358
347
431
507
519
491
473
467
457
454
455
455
455
451
446
446
444
440
432
435
435
423
408
408
401
398
399
400
412
433
444
455
463
470
473
476
478
481
476
470
467
473
466
461
463
464
463
463
463
464
465
468
462
460
469
465
462
464
467
467
467
467
460
463
463
460
457
455
460
460
455
457
455
451
448
454
460
463
463
463
467
463
462
449
428
376
352
419
496
521
488
473
460
461
455
455
454
449
451
454
441
441
444
441
439
428
419
417
408
396
396
396
400
408
423
435
451
460
463
471
471
472
472
472
468
470
470
463
462
463
462
463
457
460
467
467
463
463
464
463
459
460
464
468
472
465
467
465
463
463
460
460
459
463
459
462
462
457
463
459
451
451
454
460
445
440
452
461
463
463
463
462
463
453
425
390
358
403
483
525
499
472
462
457
454
448
451
454
446
448
448
444
438
432
435
428
420
415
403
399
396
392
391
403
415
431
441
452
463
473
470
472
480
477
471
467
463
460
467
467
467
468
467
467
471
467
463
463
469
467
467
467
472
472
467
464
467
471
465
462
462
467
463
467
465
465
467
463
455
455
459
455
451
448
451
459
463
470
466
465
460
463
455
420
355
366
446
510
511
489
476
467
462
462
460
459
451
455
448
450
446
442
435
435
428
422
408
403
403
406
398
403
408
427
446
455
464
472
470
473
473
472
476
476
467
465
473
467
463
463
463
463
463
460
463
465
467
459
463
468
463
465
463
463
467
463
463
465
463
462
459
457
463
459
455
460
460
452
451
455
449
444
456
464
465
467
463
457
463
451
432
372
353
425
496
519
492
472
460
463
464
457
455
455
452
450
451
448
444
437
435
435
419
412
408
402
399
396
399
406
416
440
451
452
467
472
467
472
472
468
472
466
463
460
463
460
455
457
459
460
457
460
463
455
460
463
460
460
456
457
463
467
460
463
460
460
460
457
455
460
457
460
460
462
455
455
455
448
448
451
444
440
452
455
463
457
451
455
456
444
427
380
355
419
494
519
492
471
459
457
454
455
449
449
454
448
447
440
440
440
438
430
423
417
400
399
396
396
402
409
414
432
451
460
463
467
472
472
476
475
471
470
467
465
460
465
465
463
463
463
455
464
462
462
463
463
463
460
463
463
467
457
460
467
455
457
454
455
460
455
455
460
460
457
459
455
452
454
455
446
446
451
457
455
460
463
460
461
444
419
361
348
432
499
515
496
475
463
462
463
452
453
455
450
448
448
449
444
440
433
428
423
419
411
401
393
399
406
414
420
435
455
460
472
475
475
472
476
478
472
470
473
473
464
463
470
472
467
462
472
468
467
465
471
467
464
457
468
472
468
468
462
463
471
467
462
460
464
454
460
465
460
456
448
449
463
463
462
466
467
467
457
448
404
344
380
463
518
508
491
467
462
457
457
459
448
447
452
448
449
443
435
439
432
425
414
409
406
393
398
396
404
419
430
443
455
465
467
476
480
475
472
473
470
470
467
467
464
463
467
467
460
463
468
464
460
465
467
468